K40C[[24.98160475 48.02857226 39.27975767 ... 27.10164073 11.01676507
  14.31565708]
 [11.25716743 35.45641645 22.57423924 ... 45.8844104  45.48345697
  41.19502183]
 [35.68126585 13.3655986  16.46514856 ... 18.6328411  34.91561903
  13.4138986 ]
 ...
 [34.45854445 37.13999873 22.70198801 ... 14.13060036 16.90095508
  32.71897189]
 [21.85430454 47.53262915 42.74960918 ... 43.31718862 31.61186127
  43.78663636]
 [27.25206825 25.16161942 46.6024293  ... 25.78289261 31.19762348
  16.45469434]]12.349244832992554
K40C[[24.98160475 48.02857226 39.27975767 ... 27.10164073 11.01676507
  14.31565708]
 [11.25716743 35.45641645 22.57423924 ... 45.8844104  45.48345697
  41.19502183]
 [35.68126585 13.3655986  16.46514856 ... 18.6328411  34.91561903
  13.4138986 ]
 ...
 [34.45854445 37.13999873 22.70198801 ... 14.13060036 16.90095508
  32.71897189]
 [21.85430454 47.53262915 42.74960918 ... 43.31718862 31.61186127
  43.78663636]
 [27.25206825 25.16161942 46.6024293  ... 25.78289261 31.19762348
  16.45469434]]12.424653053283691
40,[[24.98160475 48.02857226 39.27975767 ... 27.10164073 11.01676507
  14.31565708]
 [11.25716743 35.45641645 22.57423924 ... 45.8844104  45.48345697
  41.19502183]
 [35.68126585 13.3655986  16.46514856 ... 18.6328411  34.91561903
  13.4138986 ]
 ...
 [34.45854445 37.13999873 22.70198801 ... 14.13060036 16.90095508
  32.71897189]
 [21.85430454 47.53262915 42.74960918 ... 43.31718862 31.61186127
  43.78663636]
 [27.25206825 25.16161942 46.6024293  ... 25.78289261 31.19762348
  16.45469434]]
23.528814792633057
40,200
48.71782898902893
40,200
77.92450881004333
40,100
12.222593069076538
40,100
12.909134149551392
40,100
12.456014633178711
40,100
12.570738077163696
40,100
12.216997146606445
40,100
12.30842924118042
