40,100
12.434138774871826
15507.122788568715
40,100
12.279145002365112
15507.122788568715
40,100
12.128740072250366
15524.545006714445
40,100
12.185250043869019
15486.230390073935
40,100
12.445019960403442
15492.042797165548
40,100
12.213685035705566
15516.181689203107
40,100
12.520664691925049
15494.657126302744
40,100
12.563137769699097
15488.462678724783
40,100
12.056504964828491
15491.735490272446
40,100
12.53541088104248
15503.155914970757
40,100
12.809870958328247
15466.536405367306
40,100
12.64209270477295
15489.570511729613
40,100
13.395235776901245
15508.073778857291
40,100
12.269089937210083
15499.43160675601
40,100
13.159368753433228
15516.03488677863
40,100
12.1787691116333
15464.23259456667
40,100
13.478184938430786
15493.196341988929
40,100
12.339771747589111
15514.825041136946
40,100
12.160974025726318
15483.566976950595
40,100
13.491461992263794
15509.316172192419
40,100
12.204588651657104
15515.862505246065
40,100
12.167846202850342
15497.434952016354
40,100
13.979342937469482
15453.065124804174
40,100
12.175518989562988
15513.250172009572
40,100
12.270380020141602
15533.496481630353
40,100
14.144218921661377
15517.454087551203
40,100
12.220982789993286
15489.876771066576
40,100
12.092781066894531
15492.755756832692
40,100
12.006767272949219
15507.285346339542
40,100
14.174159049987793
15480.59710832953
40,100
12.550934076309204
15496.083978170192
40,100
12.038039922714233
15490.728539695761
40,100
12.111178874969482
15501.974409780358
40,100
12.159222841262817
15447.695168045067
40,100
15.275967836380005
15477.643963928658
40,100
12.140219688415527
15512.136201282858
40,100
12.243946075439453
15525.983922076553
40,100
12.082190036773682
15503.194933967405
40,100
12.155942916870117
15510.674963887139
40,100
12.095937013626099
15481.796990791985
40,100
18.74669599533081
15466.008230912104
40,100
12.102833986282349
15512.359439694066
40,100
12.244576930999756
15497.706349004777
40,100
12.084776878356934
15453.448764092016
40,100
12.121511220932007
15483.549569007211
40,100
12.13129210472107
15475.187941322918
40,100
23.41251015663147
15487.083711065856
40,100
12.338369131088257
15490.549502511536
40,100
12.102849960327148
15472.8061233178
40,100
12.120083332061768
15478.426532506652
40,100
12.179371118545532
15487.28585355805
40,100
12.095829963684082
15478.441765419162
40,100
12.128805160522461
15513.13182557772
40,100
12.295322895050049
15493.142993700234
40,100
24.731399059295654
15541.279796198321
40,100
12.263169050216675
15532.963713977255
40,100
12.151959657669067
15500.547823514375
40,100
12.018052101135254
15521.848333306792
40,100
12.256234884262085
15500.550932935137
40,100
12.120471000671387
15522.624078433473
40,100
12.316468954086304
15470.926321072
40,100
12.159316062927246
15456.874500067126
40,100
27.79757785797119
15475.34289438025
40,100
12.166049003601074
15510.732153442501
40,100
12.17598819732666
15456.85056136833
40,100
12.070035934448242
15501.698727658806
40,100
12.143584966659546
15480.555595174443
40,100
11.965296983718872
15507.683724081919
40,100
12.129065036773682
15489.609530635755
40,100
12.060992956161499
15448.260219565553
40,100
12.119914054870605
15498.628671534907
40,100
12.099900245666504
15471.050297201007
40,100
29.76065683364868
15479.535335748003
40,100
13.534996271133423
15507.883941407821
40,100
12.6424560546875
15489.85389593524
40,100
12.23260498046875
15520.16305066472
40,100
12.176281690597534
15509.149216860504
40,100
12.169644117355347
15465.04655055437
40,100
12.261132717132568
15501.496691204547
40,100
12.054171085357666
15501.152905819874
40,100
12.103471994400024
15549.447579189708
40,100
12.041252136230469
15533.566685945663
40,100
12.195685148239136
15501.96009771953
40,100
12.064126014709473
15521.264840969898
40,100
32.637805700302124
15525.496223628072
40,100
12.039377927780151
15535.731771152998
40,100
12.151148080825806
15504.854565936193
40,100
12.023058891296387
15464.667717425802
40,100
12.113306283950806
15492.521256585122
40,100
12.125540971755981
15536.0658464731
40,100
12.288910150527954
15538.84879793067
40,100
12.167799234390259
15502.36876963786
40,100
12.172505855560303
15466.310400362443
40,100
12.138774633407593
15472.758471509556
40,100
12.204539775848389
15527.722165350126
40,100
12.130906105041504
15482.140064915284
40,100
12.098873853683472
15468.175670038816
40,100
35.33618998527527
15519.720734274772
40,100
12.44456171989441
15492.210918537236
40,100
12.215086221694946
15495.187852853893
40,100
12.114847183227539
15528.896706602018
40,100
12.44787883758545
15507.122788568715
40,100
12.35121202468872
15490.360172677312
40,100
12.17211389541626
15501.779932126841
40,100
12.064745903015137
15536.99427801157
40,100
11.996012926101685
15517.057621507869
40,100
12.064396142959595
15472.463998175168
40,100
12.342798948287964
15527.24200338996
