40,100
12.212648868560791
15487.52111579453
40,100
12.133121967315674
15493.251913333257
40,100
12.090483903884888
15477.741794529718
40,100
12.015391111373901
15514.792444592744
40,100
12.215948820114136
15534.124634807646
40,100
12.01936411857605
15521.065711515155
40,100
12.103141784667969
15484.554165333957
40,100
12.07508397102356
15473.898583764572
40,100
11.770606756210327
15526.6683500323
40,100
12.190279960632324
15533.029259321525
40,100
12.200443267822266
15430.256091759173
40,100
12.208776950836182
15498.262403376537
40,100
12.744855165481567
15437.295835369183
40,100
12.13962721824646
15462.365014893787
40,100
12.748602867126465
15499.603002944341
40,100
12.471504926681519
15485.005419991297
40,100
13.12568211555481
15510.7982346328
40,100
12.106672763824463
15534.623134552903
40,100
12.259388208389282
15487.911155233965
40,100
13.58464002609253
15426.969698105224
40,100
11.951574802398682
15499.673276929501
40,100
12.562856912612915
15524.260893426934
40,100
13.66351580619812
15477.243252083852
40,100
11.7259361743927
15503.04196012493
40,100
11.878294944763184
15491.339422788173
40,100
12.982817888259888
15485.412495319462
40,100
11.763323068618774
15481.29300218139
40,100
12.303099870681763
15481.254818914995
40,100
12.06533408164978
15510.213548803247
40,100
13.99885892868042
15488.43881368246
40,100
12.079641819000244
15542.600142287161
40,100
12.22910475730896
15483.597549590404
40,100
12.066908359527588
15540.00335789369
40,100
12.008825063705444
15536.33730226029
40,100
15.023858785629272
15449.344559764912
40,100
12.113420009613037
15394.57932891781
40,100
11.949135065078735
15466.89237189769
40,100
12.028340339660645
15481.881235638728
40,100
11.939111948013306
15451.031464122536
40,100
12.326716899871826
15541.480643123814
40,100
14.795095682144165
15515.158049372441
40,100
11.789701223373413
15489.586490270796
40,100
11.840011835098267
15478.060127090012
40,100
11.865745067596436
15471.54908719106
40,100
11.924768924713135
15499.943910724565
40,100
11.902256965637207
15465.369102405733
40,100
15.535263061523438
15509.49214188755
40,100
11.810641765594482
15499.314881039316
40,100
11.930805921554565
15528.603079916742
40,100
11.98848009109497
15471.696295807324
40,100
11.726688861846924
15494.107519394243
40,100
12.016281843185425
15473.32873598336
40,100
11.755048751831055
15500.021015229002
40,100
11.829659938812256
15496.066302530913
40,100
18.055420875549316
15512.018599318186
40,100
12.00903582572937
15514.585892325777
40,100
11.9336838722229
15514.533159969336
40,100
11.999456882476807
15544.148744946902
40,100
11.80508303642273
15511.33722276007
40,100
11.900528192520142
15470.952073898172
40,100
11.709020853042603
15504.085074302957
40,100
11.764455795288086
15487.236680692804
40,100
26.206840991973877
15536.48407463366
40,100
11.833462238311768
15517.076519471755
40,100
11.823539018630981
15482.039665849075
40,100
12.01963496208191
15471.639944444776
40,100
11.834746837615967
15468.377405108566
40,100
11.848522901535034
15494.743835035979
40,100
12.031329154968262
15514.144848333653
40,100
11.828802108764648
15480.715209757798
40,100
11.920083999633789
15486.013465220265
40,100
11.801141023635864
15449.019865508375
40,100
29.143678903579712
15440.48197645802
40,100
11.957564115524292
15499.768792530776
40,100
11.866688013076782
15505.94774407641
40,100
12.629303932189941
15473.114958520526
40,100
12.01384711265564
15475.731766099307
40,100
12.128179788589478
15464.374232112757
40,100
12.274248838424683
15510.04969963809
40,100
12.027137756347656
15535.158944999646
40,100
12.40559983253479
15529.691006786215
40,100
12.102148056030273
15488.54922945062
40,100
12.315335988998413
15491.825120501855
40,100
11.909528970718384
15528.63158831452
40,100
32.80142283439636
15468.274633513793
40,100
11.913192987442017
15530.802663733954
40,100
11.890061855316162
15467.371390606608
40,100
11.912204027175903
15480.116310414065
40,100
11.963045120239258
15542.929941541728
40,100
11.794558048248291
15475.76597291267
40,100
11.741905927658081
15505.881860394376
40,100
11.774916172027588
15450.588368499057
40,100
12.140076875686646
15505.435496898795
40,100
11.948026895523071
15504.112371538906
40,100
11.970306873321533
15450.879775939204
40,100
11.887946844100952
15485.368461060145
40,100
12.02871298789978
15505.702361785925
40,100
36.29116201400757
15540.470187834273
40,100
12.486407995223999
15512.687068000265
40,100
12.125777006149292
15473.593406781123
40,100
12.41510796546936
15487.52111579453
40,100
12.543068170547485
15487.52111579453
40,100
12.372268915176392
15487.52111579453
40,100
12.469645261764526
15389.077549555532
40,100
12.309439420700073
15389.077549555532
40,100
12.24008297920227
15389.077549555532
40,100
12.265115976333618
15477.99494202439
40,100
12.280386924743652
15477.99494202439
40,100
12.20849871635437
15477.99494202439
40,100
12.100902080535889
15477.99494202439
40,100
12.117676019668579
15389.077549555532
40,100
12.729866981506348
15389.077549555532
40,100
12.21945595741272
15477.99494202439
40,100
12.351317882537842
15477.99494202439
40,100
12.32405400276184
15477.99494202439
40,100
13.022669076919556
15477.99494202439
40,100
12.056968212127686
15477.99494202439
40,100
12.149512767791748
15477.99494202439
40,100
12.195100784301758
15477.99494202439
40,100
12.486892223358154
15477.99494202439
40,100
12.383229970932007
15477.99494202439
40,100
12.396656274795532
15389.077549555532
40,100
12.71755599975586
15389.077549555532
40,200
26.834758281707764
31217.89135330146
40,200
75.41469597816467
33029.51934309083
40,100
12.14166808128357
15477.99494202439
40,100
12.292456865310669
15477.99494202439
40,100
12.245753049850464
15389.077549555532
40,100
12.430364847183228
15389.077549555532
40,10
0.3949141502380371
1073.2634803581582
40,10
0.39524006843566895
1073.2634803581582
40,10
0.27685117721557617
1073.2634803581582
40,100
6.484053134918213
15477.99494202439
40,100
6.217587947845459
15501.930870116483
40,100
6.2441840171813965
15501.930870116483
40,100
6.408819198608398
15488.84398555583
40,100
6.254251956939697
15488.84398555583
40,100
6.287342071533203
15477.99494202439
40,100
6.199355125427246
15488.84398555583
40,100
6.2384068965911865
15389.077549555532
40,100
6.2809178829193115
15389.077549555532
40,100
6.321384906768799
15389.077549555532
40,100
6.455413103103638
15389.077549555532
40,100
6.338503122329712
15389.077549555532
40,100
6.326513290405273
15477.99494202439
