40,100
447.24895787239075
15487.52111579453
40,100
8.81963324546814
15487.52111579453
40,100
8.87378978729248
15487.52111579453
40,100
8.776419162750244
15487.52111579453
40,100
8.770809173583984
15487.52111579453
40,100
8.608983039855957
15487.52111579453
40,100
8.572421073913574
15487.52111579453
40,100
8.783548831939697
15487.52111579453
40,100
8.830093145370483
15487.52111579453
40,100
8.68955111503601
15522.488513746472
40,100
26.132699012756348
15567.218245232554
40,100
13.20915699005127
15567.218245232554
40,100
13.024430751800537
15567.218245232554
40,100
13.113754749298096
15567.218245232554
40,100
13.344635963439941
15567.218245232554
40,100
13.483588218688965
15567.218245232554
40,100
13.283071994781494
15567.218245232554
40,100
8.892494916915894
15567.218245232554
40,100
9.242859125137329
15567.218245232554
40,100
8.955325841903687
15567.218245232554
40,100
13.29448127746582
15567.218245232554
40,100
13.310912132263184
15567.218245232554
40,100
13.098793983459473
15567.218245232554
40,100
13.072951078414917
15567.218245232554
40,100
13.0086350440979
15567.218245232554
40,100
13.09240198135376
15567.218245232554
40,100
13.113094806671143
15567.218245232554
40,100
13.126500129699707
15567.218245232554
40,100
8.86915898323059
15487.52111579453
40,100
8.716229915618896
15487.52111579453
40,100
8.924067735671997
15487.52111579453
40,100
8.725810050964355
15478.060127090012
40,100
13.043412923812866
15567.218245232554
40,100
12.873142957687378
15567.218245232554
40,100
8.631943941116333
15487.52111579453
40,100
8.72886872291565
15487.52111579453
40,100
8.693400144577026
15487.52111579453
40,100
8.750088930130005
15487.52111579453
40,100
8.698848009109497
15487.52111579453
40,100
8.885475158691406
15487.52111579453
40,100
8.821315050125122
15487.52111579453
40,100
13.117301940917969
15567.218245232554
40,100
13.220918893814087
15567.218245232554
40,100
13.221098184585571
15567.218245232554
